10000 20000 
2612 
6815 
8116 
9679 
5580 
7920 
6626 
7041 
2334 
3217 
4182 
9592 
7057 
5651 
6665 
8638 
8958 
5485 
5957 
2172 
9520 
3602 
9228 
1774 
4514 
9162 
1998 
6607 
2790 
7463 
150 
6058 
8964 
1288 
10027 
1223 
851 
8526 
7992 
6338 
3427 
6462 
5254 
4292 
8759 
6003 
8621 
4574 
1545 
1669 
1157 
6716 
8735 
4824 
187 
9129 
7701 
6482 
5307 
6540 
6067 
154 
4405 
5004 
3235 
8243 
794 
5924 
5748 
5600 
7934 
604 
7611 
9728 
8866 
3225 
8467 
5099 
3156 
8627 
722 
7550 
5235 
1316 
6475 
3577 
7440 
4315 
1304 
1085 
3662 
4508 
3404 
1645 
473 
3438 
2254 
457 
1264 
717 
5401 
2892 
8941 
6076 
3874 
775 
9215 
9113 
6083 
7093 
872 
2810 
3535 
6801 
6020 
8630 
5090 
3308 
8644 
9773 
1025 
6609 
4835 
4880 
2166 
3644 
7329 
6178 
9453 
5641 
1213 
8218 
4065 
2679 
3452 
7956 
8718 
9272 
7569 
5928 
4495 
8438 
8351 
4348 
476 
1108 
1228 
6728 
5758 
1990 
8468 
9065 
1961 
1638 
9812 
8906 
8179 
4307 
4163 
502 
3587 
3290 
9762 
712 
6131 
2798 
8865 
1134 
3613 
8178 
10015 
5942 
5869 
2983 
5536 
2732 
8372 
774 
4678 
1351 
2702 
886 
709 
7722 
7291 
2293 
6526 
2719 
3007 
4679 
9883 
4690 
5385 
7341 
2637 
1508 
8783 
7913 
8335 
7806 
2388 
414 
3414 
7697 
2120 
2826 
3494 
9099 
6233 
7366 
845 
7695 
9742 
3129 
7927 
3021 
2904 
2352 
3563 
4152 
6400 
6449 
8253 
9052 
8405 
5632 
890 
8641 
688 
4353 
4085 
792 
2584 
6994 
9085 
2631 
7600 
3155 
5926 
4795 
8920 
7543 
6613 
5770 
4176 
2526 
5077 
2606 
9521 
9733 
8727 
6763 
4692 
4526 
1760 
6069 
2309 
4496 
9399 
6616 
2306 
4985 
8745 
2245 
3640 
438 
5465 
3106 
4179 
5652 
5551 
9864 
6554 
8886 
5361 
8968 
9944 
2856 
5239 
6241 
944 
8409 
9225 
1107 
5754 
7443 
308 
8181 
5611 
3397 
727 
3490 
3892 
9421 
2887 
4319 
8907 
4757 
2530 
4137 
7187 
2376 
8549 
4261 
4572 
8969 
622 
5932 
9279 
2935 
6246 
9571 
9371 
3562 
6074 
4035 
5885 
8032 
6620 
6324 
4345 
7403 
7619 
1215 
5342 
2489 
6378 
7250 
6410 
1478 
493 
5601 
773 
1542 
9165 
8692 
9964 
5386 
6666 
6905 
7244 
750 
9010 
3119 
7275 
1307 
4254 
790 
3785 
8971 
8552 
1326 
8255 
6335 
9905 
9891 
4892 
7768 
9035 
2547 
3045 
3515 
9632 
8238 
2913 
1117 
9236 
8270 
4530 
7499 
4204 
977 
1838 
9824 
9191 
4070 
8504 
4966 
4081 
4510 
8358 
131 
3941 
7555 
3069 
9291 
7465 
4577 
1785 
9378 
4281 
233 
6474 
4605 
4347 
4218 
1269 
1268 
719 
6642 
2218 
6110 
6393 
6412 
5257 
8057 
9608 
8540 
7262 
419 
1893 
10036 
4192 
5024 
4326 
7113 
9689 
2588 
5674 
3760 
3794 
5166 
6988 
5281 
3737 
2058 
4642 
7360 
5986 
5487 
3335 
7745 
4776 
7560 
2831 
2779 
9775 
7651 
2834 
5145 
9785 
9034 
7436 
5595 
8004 
4377 
8608 
2000 
839 
7357 
4661 
8804 
5729 
7090 
3400 
7179 
9233 
1674 
3232 
3757 
3967 
2803 
3111 
2339 
3551 
4287 
5809 
6756 
2765 
2124 
7453 
2603 
9871 
1110 
4110 
456 
7849 
1972 
7396 
9476 
3590 
3226 
7086 
8743 
1418 
4664 
2600 
7805 
4740 
5783 
3684 
8664 
5001 
9195 
1779 
7554 
6500 
5682 
2645 
4308 
8686 
2450 
9355 
8840 
10009 
2668 
9040 
5220 
3584 
179 
9439 
7848 
4416 
3893 
795 
1367 
5847 
4503 
1553 
9005 
2314 
8120 
2639 
7108 
8562 
8899 
7727 
1301 
228 
6681 
8509 
2795 
9447 
3716 
1423 
1786 
4008 
8359 
8841 
8873 
5752 
7505 
4853 
6238 
6466 
5964 
4883 
1762 
9021 
1078 
2357 
2650 
532 
3779 
2654 
135 
9928 
2898 
938 
1766 
5075 
8375 
5893 
7028 
786 
7287 
8511 
1377 
3143 
9133 
7488 
7606 
5790 
2824 
3919 
4944 
3935 
6530 
1324 
3271 
4685 
6630 
2427 
9029 
592 
6527 
8142 
6336 
1761 
909 
2005 
1810 
8091 
7746 
4482 
7495 
356 
7944 
6139 
9290 
7571 
4206 
8741 
9990 
3733 
4887 
6987 
2664 
9975 
7835 
7416 
4097 
2297 
7794 
7210 
8560 
6647 
6984 
2745 
4400 
9254 
201 
9737 
2966 
7828 
6388 
9621 
8160 
8464 
6549 
3368 
6119 
1130 
2182 
5831 
1224 
544 
2580 
6018 
865 
9649 
6203 
6483 
4066 
3636 
8033 
9634 
1048 
1287 
6048 
1602 
5459 
5938 
2496 
331 
5423 
4602 
6515 
464 
7468 
5394 
8938 
4338 
344 
607 
2064 
524 
899 
2730 
6740 
1329 
4831 
1741 
2663 
646 
3817 
6538 
6429 
632 
9901 
6874 
9325 
7635 
3194 
5722 
8031 
976 
144 
2191 
1205 
6754 
2279 
540 
8665 
5607 
1505 
707 
3104 
8963 
2380 
5086 
9505 
8443 
4686 
5516 
6901 
4521 
4080 
7738 
7107 
8999 
8291 
7186 
3153 
1411 
6194 
2117 
1970 
8572 
7310 
1923 
5110 
8833 
2360 
10093 
9172 
5175 
3220 
7183 
4207 
1993 
403 
7583 
7876 
325 
7485 
1716 
3781 
7801 
8935 
4343 
663 
1862 
764 
2354 
8575 
5228 
7456 
8079 
9525 
9509 
1560 
4667 
2503 
1328 
10087 
1528 
6923 
4725 
6467 
2587 
2170 
7021 
4387 
5966 
5589 
1576 
9419 
7646 
4067 
5340 
8460 
599 
312 
3837 
5032 
4123 
4480 
902 
2391 
4812 
7839 
5274 
7772 
4830 
1336 
9709 
5954 
7418 
5671 
6832 
4931 
9173 
2227 
7221 
3073 
910 
7602 
9367 
6894 
7877 
5935 
9916 
4905 
660 
1951 
7380 
5055 
8788 
777 
6852 
7177 
6918 
3251 
2572 
4885 
7025 
9359 
9671 
5541 
6005 
5757 
2918 
2896 
7359 
1344 
9393 
3014 
3441 
1705 
5049 
716 
5243 
4151 
4652 
8993 
8035 
183 
3630 
3820 
711 
5579 
7286 
1934 
8933 
9763 
8132 
6850 
9774 
3284 
227 
1702 
8044 
4767 
1847 
895 
3972 
7952 
7667 
4689 
2704 
5318 
2583 
8023 
2348 
1177 
2900 
3732 
8719 
3719 
6973 
365 
6682 
6804 
2424 
1410 
8586 
1974 
4101 
7710 
3357 
3517 
3380 
1155 
5662 
4331 
8716 
1473 
3298 
2575 
5996 
1079 
3793 
9060 
2121 
8897 
3992 
9372 
9706 
8730 
881 
5390 
8244 
7037 
6440 
9622 
5158 
2248 
3355 
1464 
4623 
3016 
4854 
10061 
844 
9306 
2958 
2457 
3375 
8141 
2609 
2460 
1470 
7148 
7845 
439 
3896 
808 
5702 
3668 
7547 
9319 
2415 
5502 
9977 
8090 
5405 
6471 
4855 
6164 
9289 
7489 
1002 
2886 
8076 
4024 
6359 
3869 
7732 
2960 
6970 
2594 
7029 
2613 
7156 
6419 
4973 
2154 
9302 
9644 
6766 
7541 
6677 
9804 
4058 
5434 
1681 
9466 
1152 
4403 
4959 
359 
7729 
7336 
8960 
5256 
4354 
8708 
9182 
4891 
1632 
1123 
1094 
3825 
6824 
6026 
3370 
9920 
8462 
4634 
4200 
4341 
7288 
870 
850 
2839 
1912 
8550 
8949 
3736 
3449 
7012 
3824 
4426 
8124 
1466 
684 
9800 
992 
3009 
3176 
6390 
3116 
5509 
9097 
6745 
7545 
3966 
4088 
8153 
3187 
1911 
569 
6652 
1339 
1753 
9437 
3513 
7942 
7230 
4473 
5933 
9863 
6561 
962 
4759 
7430 
6800 
5832 
6485 
2171 
3709 
7246 
6580 
2610 
7932 
799 
2927 
6367 
3904 
5428 
8072 
431 
1948 
836 
2703 
6033 
7297 
4247 
7511 
2178 
2656 
3015 
6690 
8658 
7369 
6649 
6684 
4094 
5493 
9425 
1919 
452 
7725 
7139 
9596 
4804 
5679 
5213 
3552 
9494 
7669 
7271 
5211 
2986 
685 
1527 
9073 
6023 
9998 
8843 
1330 
3744 
8437 
1169 
746 
1903 
1758 
8038 
5375 
2484 
5830 
8954 
2083 
4614 
4712 
9922 
7994 
4948 
2270 
8024 
1574 
3295 
1171 
8129 
4648 
5519 
7929 
4916 
3345 
7047 
7693 
1889 
4232 
6773 
485 
8301 
9923 
3458 
7620 
8896 
4278 
7760 
9949 
620 
4888 
8826 
6413 
1845 
8398 
6727 
3677 
5354 
4992 
3211 
8490 
8163 
3080 
1559 
2102 
5351 
4116 
970 
1131 
8445 
4928 
5192 
645 
5446 
5453 
6537 
10099 
5787 
7449 
981 
5002 
3956 
3486 
9725 
617 
5951 
9220 
7339 
6644 
6747 
4640 
3612 
841 
696 
8397 
2406 
6486 
9615 
2649 
564 
6050 
7429 
3113 
2787 
7514 
9809 
4145 
2264 
6524 
3152 
6748 
8013 
1210 
2780 
8332 
5820 
5965 
3497 
812 
6285 
6256 
6903 
1643 
9299 
5104 
2634 
8282 
4963 
7170 
4361 
1374 
1798 
4453 
5208 
7592 
7694 
2176 
2035 
3527 
4828 
3134 
8258 
2145 
4815 
885 
6752 
5720 
5572 
4118 
3905 
6572 
4323 
3758 
6496 
7420 
9259 
7112 
3954 
7809 
6212 
2867 
9298 
5231 
3512 
3137 
6289 
4903 
4162 
5323 
1994 
4996 
5282 
10085 
3714 
4507 
8115 
6109 
6960 
1346 
8470 
7043 
4071 
2221 
4628 
7911 
828 
8167 
8078 
7907 
1254 
252 
8348 
4367 
7441 
3346 
3976 
4401 
8757 
3067 
5186 
3236 
2949 
1646 
3518 
9028 
2684 
4373 
1451 
3384 
9414 
4536 
1555 
4791 
9446 
9280 
8918 
8453 
2015 
5734 
6086 
463 
6949 
6383 
7001 
1462 
735 
108 
4047 
1796 
1957 
5120 
7471 
5303 
5517 
6637 
5507 
3851 
8827 
5730 
6636 
4231 
8121 
6108 
8604 
5327 
1854 
4978 
5054 
8273 
4566 
5655 
3826 
4452 
7109 
7071 
6417 
6695 
4786 
3508 
3693 
1813 
488 
9776 
1043 
5728 
7189 
6387 
9389 
446 
5216 
6505 
9731 
1055 
9212 
3317 
1581 
2307 
7896 
3138 
9730 
3261 
7409 
5904 
7361 
6436 
2771 
4485 
8312 
624 
951 
8927 
9183 
6779 
198 
6292 
3931 
8456 
4701 
4352 
8257 
5604 
5718 
263 
4539 
387 
1285 
7532 
5372 
5278 
1050 
5598 
8911 
3151 
3918 
1945 
4545 
6017 
3910 
6581 
4460 
701 
8192 
2333 
4064 
6415 
1378 
1317 
4412 
4424 
9504 
3273 
7734 
5053 
5018 
5629 
1181 
418 
2893 
1040 
1918 
1199 
9229 
4554 
3118 
6240 
1549 
7542 
4390 
3115 
3283 
8037 
355 
8240 
10006 
941 
7533 
4924 
480 
1042 
2287 
3145 
550 
2504 
5902 
378 
7983 
5397 
1484 
8410 
4419 
8047 
278 
4756 
925 
9202 
821 
5190 
9336 
7947 
6421 
10005 
445 
2873 
2718 
3032 
7332 
9601 
5179 
9554 
8214 
161 
8377 
4787 
8555 
995 
2303 
8283 
8770 
736 
8373 
6287 
9394 
501 
8818 
1492 
4941 
2908 
3617 
2394 
2072 
3936 
1486 
2011 
3419 
2431 
748 
3396 
9904 
4472 
8027 
8493 
1835 
8812 
1808 
1727 
1447 
1565 
6329 
7435 
8488 
6952 
6545 
2946 
9681 
328 
2230 
5672 
4196 
7475 
8216 
6038 
7588 
4413 
9082 
5895 
986 
7976 
3008 
7737 
7398 
9031 
8489 
5921 
10081 
9984 
6084 
2222 
5937 
8709 
5725 
5069 
6710 
6313 
4049 
5259 
7516 
4423 
2480 
3321 
1874 
238 
1031 
4077 
6385 
3646 
2566 
7552 
9834 
6049 
3159 
3459 
8636 
8707 
1712 
9563 
8576 
2302 
3010 
9799 
5815 
1474 
9846 
5619 
3428 
4818 
9440 
2957 
2059 
5494 
8495 
1257 
7165 
9805 
7534 
9936 
9815 
6090 
9648 
8103 
1628 
8647 
2538 
1189 
1129 
560 
6559 
621 
6294 
1010 
6807 
220 
3128 
2829 
7633 
1901 
7838 
5399 
2374 
1534 
420 
9729 
7194 
6041 
7674 
7323 
6425 
8939 
2894 
1930 
9850 
614 
2802 
5045 
2443 
7289 
9288 
9948 
8506 
9580 
8379 
3052 
6794 
7566 
8803 
3327 
4576 
160 
3907 
527 
3834 
6144 
5457 
8088 
5496 
9458 
3202 
6629 
4068 
10014 
7666 
1027 
6966 
6114 
4907 
4358 
5855 
8208 
2165 
2111 
2763 
8003 
7017 
2943 
5041 
3072 
4695 
9736 
924 
1361 
4517 
2142 
6791 
5670 
8223 
5472 
8869 
1012 
9663 
3133 
5863 
4435 
7643 
8601 
3696 
2432 
6219 
2477 
4447 
6223 
7598 
1338 
5693 
3601 
1407 
5963 
9240 
4317 
4842 
4229 
6550 
3609 
9382 
8082 
7283 
7317 
2759 
3110 
8009 
9550 
5622 
673 
8655 
9155 
937 
1401 
2185 
8529 
9368 
1446 
6982 
4048 
7095 
723 
8626 
8143 
6583 
5017 
9400 
4089 
1046 
6372 
1861 
427 
6714 
4095 
5188 
9668 
1664 
6509 
9793 
4952 
4609 
5031 
1017 
6610 
7958 
6662 
7345 
8048 
5627 
2565 
5084 
2276 
7373 
4360 
1273 
322 
149 
9251 
2602 
7869 
3852 
5776 
5048 
9365 
2847 
3275 
4306 
1352 
5130 
2667 
7229 
4726 
4777 
3909 
9556 
3944 
2408 
3895 
2073 
10030 
7795 
1385 
8583 
5677 
3182 
9707 
1639 
4246 
7576 
7060 
2003 
4050 
5798 
3816 
1109 
8951 
10095 
3239 
5661 
6575 
831 
1856 
4820 
4869 
5474 
2281 
7629 
5369 
4940 
4613 
7742 
7563 
9069 
2722 
547 
2551 
7316 
9486 
8083 
3286 
3435 
2002 
6715 
8191 
2611 
1309 
9046 
316 
1870 
2539 
3990 
1225 
8356 
5636 
7685 
4647 
507 
5646 
2158 
2861 
4017 
6544 
9424 
1197 
9428 
4583 
5117 
5028 
653 
2429 
3588 
2564 
5293 
4336 
5096 
4227 
1636 
567 
1375 
2345 
3383 
6679 
4492 
4374 
2605 
8563 
9316 
5395 
826 
835 
4155 
3648 
9278 
1303 
1452 
862 
2729 
3792 
639 
8155 
1987 
5991 
9246 
2425 
9074 
140 
5975 
6002 
2544 
1258 
6288 
3778 
3423 
9933 
9598 
7464 
4055 
7034 
4311 
2868 
5400 
9835 
9966 
1720 
8400 
10057 
3433 
8227 
5082 
8196 
3523 
6699 
8000 
6202 
2397 
7520 
1661 
4096 
1065 
9300 
4608 
5330 
223 
9843 
3230 
2423 
2273 
9450 
7705 
1342 
4998 
1138 
9599 
8022 
4789 
2305 
6151 
1038 
4169 
9123 
525 
7868 
2975 
4491 
3978 
9700 
5911 
7349 
9559 
4126 
10019 
10074 
3660 
5146 
8386 
2143 
6998 
2187 
1075 
2039 
9817 
4125 
2593 
3206 
1649 
7817 
7220 
10083 
3492 
2063 
3446 
4770 
10042 
6438 
9293 
6868 
4440 
1200 
7925 
3674 
6646 
5065 
9992 
5659 
4076 
5059 
4267 
6529 
9743 
4744 
5447 
6056 
9713 
6279 
9411 
8063 
1743 
9888 
9349 
1479 
487 
5956 
2107 
9452 
561 
1272 
2144 
7350 
5983 
3632 
7833 
1521 
4406 
3707 
3496 
6854 
4273 
7066 
9252 
2337 
5668 
2823 
2468 
8870 
780 
7518 
5191 
5881 
1023 
3363 
9617 
291 
949 
3771 
9217 
2838 
382 
2682 
5000 
6866 
5063 
7044 
2701 
8235 
1003 
8943 
3806 
8135 
4935 
4703 
901 
1848 
2792 
9143 
1944 
3922 
1943 
7209 
4733 
5424 
4313 
6399 
2377 
2040 
4156 
5308 
5504 
2820 
4630 
2849 
7747 
3777 
4244 
4558 
7406 
702 
2323 
545 
4013 
1853 
5890 
7181 
3142 
4632 
7556 
9322 
2023 
4283 
3186 
7470 
7322 
829 
1044 
9691 
4751 
8782 
6858 
8040 
6271 
1595 
5633 
3205 
5703 
4301 
7083 
4371 
8341 
8361 
3946 
1622 
1083 
306 
5409 
6813 
1692 
7259 
5475 
7874 
1772 
4972 
3445 
3456 
9754 
665 
5665 
5762 
5836 
4691 
1206 
8737 
4114 
4428 
8229 
2332 
4650 
4926 
3721 
132 
7673 
647 
581 
272 
2599 
207 
5886 
6070 
8919 
429 
2299 
7616 
5553 
9096 
2942 
318 
568 
4442 
3597 
8535 
8756 
3589 
8656 
5906 
1097 
5346 
2367 
9515 
5402 
5349 
4437 
6978 
5807 
6638 
2485 
4213 
4033 
7703 
813 
2923 
3686 
1891 
6968 
2026 
680 
4586 
5464 
5155 
3787 
6944 
516 
2518 
3633 
5324 
2508 
1606 
6893 
1263 
7442 
7384 
9023 
6498 
2982 
5864 
9201 
5461 
1333 
1635 
8898 
8853 
9650 
5202 
3614 
3006 
7150 
9156 
1191 
6356 
3549 
6274 
9995 
1852 
785 
8577 
5791 
4255 
1777 
1815 
6454 
6249 
7447 
472 
571 
2267 
4045 
1809 
9037 
1100 
919 
9342 
2825 
6560 
6386 
5073 
7414 
6818 
1389 
2993 
8294 
3501 
1456 
2899 
410 
3528 
7507 
4034 
1888 
4548 
2447 
7290 
441 
3670 
1057 
5008 
2139 
1958 
2225 
282 
9084 
9941 
2495 
518 
3198 
4350 
5823 
5799 
3342 
5332 
3545 
9089 
5363 
5062 
4672 
5337 
6643 
6925 
2865 
9199 
8517 
2421 
8847 
2081 
3412 
8370 
9541 
9277 
4028 
3783 
3712 
4522 
4251 
3596 
4054 
8465 
1991 
6450 
9821 
4310 
2116 
4120 
443 
5656 
3430 
3507 
1714 
7241 
9119 
2098 
8485 
6977 
2043 
5905 
9426 
251 
2253 
5767 
4694 
4970 
4947 
6672 
4210 
103 
4062 
9145 
7258 
4211 
246 
139 
4357 
598 
7225 
8681 
3809 
6829 
1170 
5630 
5882 
10024 
6465 
4745 
2614 
4456 
5436 
1327 
9784 
8469 
224 
5128 
7393 
7788 
4222 
7296 
9481 
3629 
134 
1956 
475 
4429 
6382 
2622 
6248 
5247 
7810 
8296 
9862 
6304 
4578 
193 
9744 
8014 
9997 
4808 
8625 
280 
1260 
572 
151 
7324 
1067 
8902 
1125 
1481 
993 
2017 
2268 
511 
9307 
2698 
2389 
8316 
2470 
3964 
6132 
6343 
8618 
469 
6775 
7265 
7126 
5978 
6392 
9363 
584 
9488 
1373 
9532 
8784 
237 
7222 
491 
7003 
6876 
5100 
7601 
2761 
297 
6317 
225 
9852 
9926 
7121 
1651 
8265 
3960 
1037 
8546 
8796 
1679 
1425 
9152 
1430 
842 
2751 
6021 
5051 
401 
5480 
9676 
255 
9126 
3801 
2068 
5616 
6793 
3870 
1719 
8985 
8648 
698 
3270 
3748 
5692 
1491 
7320 
8973 
4540 
3665 
4134 
5578 
9470 
3309 
6528 
7597 
8186 
1979 
533 
6696 
9196 
2461 
9685 
5012 
1060 
4879 
3311 
8687 
7105 
8928 
2436 
2700 
9261 
9666 
2747 
8799 
3570 
7980 
10047 
1703 
5571 
7172 
3126 
9653 
3958 
6687 
9542 
8402 
421 
5139 
7553 
9718 
6443 
3246 
9893 
6125 
1143 
8384 
515 
3442 
6831 
8747 
4486 
5747 
9722 
1366 
6446 
9906 
3208 
576 
931 
2843 
7260 
5565 
3765 
4654 
4645 
2671 
3703 
2728 
594 
2548 
3926 
4611 
1946 
2623 
6394 
8639 
9875 
6758 
4864 
5326 
3522 
1526 
7918 
6951 
5339 
7509 
10032 
1611 
2911 
9739 
1710 
1782 
8612 
7363 
5116 
1179 
9602 
7886 
861 
6573 
7338 
7048 
8097 
4457 
7480 
2088 
4414 
7894 
7804 
314 
2714 
6585 
5663 
4011 
9443 
8147 
7771 
6945 
9433 
7263 
2794 
3844 
9938 
5866 
1763 
2118 
2506 
6786 
9489 
5542 
2437 
2288 
5305 
8412 
8110 
221 
3838 
6161 
9581 
5482 
5802 
4843 
1949 
5127 
9710 
956 
6702 
7305 
1535 
7096 
5919 
5371 
8566 
7023 
596 
6214 
7231 
4958 
7247 
5801 
6576 
7754 
8518 
4994 
8893 
8158 
1045 
7376 
6036 
5566 
7038 
329 
7484 
629 
2434 
8080 
9059 
7540 
6284 
6111 
7830 
2151 
8864 
5140 
180 
6518 
6252 
2608 
4670 
4655 
9490 
9003 
683 
6531 
9024 
8168 
6456 
2128 
6365 
395 
10065 
610 
4046 
5242 
2844 
4349 
1812 
1546 
5590 
8537 
7279 
383 
8794 
2643 
8092 
7753 
9002 
6158 
760 
5161 
4697 
5759 
5497 
110 
6206 
8152 
5462 
3756 
7778 
6177 
1103 
9139 
3983 
4774 
6175 
8505 
7687 
1457 
5111 
8176 
2486 
4409 
1677 
6266 
7504 
9792 
3031 
7903 
8557 
4090 
9275 
3132 
7438 
4036 
9740 
7115 
6755 
9982 
9153 
4837 
9008 
7074 
7013 
9529 
6934 
8256 
8631 
6845 
7878 
9694 
2916 
5418 
3899 
7343 
114 
3150 
3001 
9347 
6810 
6541 
7957 
7683 
1093 
6533 
7027 
1873 
4556 
10064 
5172 
9176 
4610 
7822 
7389 
2282 
2399 
4417 
7524 
6221 
1398 
9358 
4031 
6323 
2907 
449 
295 
6720 
9356 
360 
7500 
9442 
706 
7529 
6043 
5489 
7009 
2439 
4624 
3377 
5384 
5660 
6582 
8677 
4570 
8814 
7959 
5236 
8151 
2046 
8183 
5151 
5766 
6915 
10004 
7573 
5416 
2569 
7670 
6499 
5379 
2246 
1789 
4497 
5468 
1461 
177 
714 
4698 
1908 
6282 
7967 
9910 
7059 
3770 
737 
1413 
1194 
960 
4241 
3942 
8950 
8685 
8606 
675 
1356 
6598 
3019 
7644 
8588 
3027 
500 
6674 
8249 
8126 
5107 
2365 
5034 
6147 
8828 
6653 
3704 
3504 
6276 
7510 
573 
5377 
8825 
6098 
6253 
4840 
10037 
9971 
6384 
5521 
1700 
4687 
6473 
918 
3169 
9381 
5057 
1921 
6243 
4775 
3856 
4270 
2189 
9047 
8787 
145 
3651 
9462 
5993 
7715 
3241 
8411 
5391 
330 
4765 
2056 
7893 
7056 
4386 
6730 
3144 
1332 
3297 
1331 
1434 
1926 
226 
5500 
5979 
9552 
4606 
4175 
2462 
124 
6654 
2311 
3768 
290 
1613 
3276 
4215 
580 
6979 
8785 
1417 
8267 
9415 
5411 
7908 
3303 
479 
8125 
8295 
9626 
2528 
618 
4018 
9032 
7497 
8367 
8792 
8279 
6506 
6569 
6142 
9190 
4061 
3929 
2579 
2247 
9268 
2945 
1014 
4171 
5564 
2973 
8713 
4658 
3483 
6432 
4168 
4974 
7716 
5735 
2748 
6614 
6016 
7885 
9961 
8362 
8058 
2586 
5443 
9180 
4631 
6073 
7216 
391 
5709 
6245 
7268 
8538 
7974 
5115 
4183 
6517 
8507 
7193 
7128 
5133 
9803 
2466 
8614 
4157 
7274 
767 
3657 
3871 
2934 
9642 
6258 
6312 
4115 
9309 
170 
7472 
5779 
3652 
9659 
9607 
5556 
8309 
9070 
7370 
408 
5768 
7129 
5710 
2386 
1556 
8226 
8940 
3878 
7924 
8671 
8690 
6398 
4418 
513 
7863 
2487 
2452 
1953 
6198 
10098 
4091 
7539 
8778 
7309 
2840 
3882 
7973 
7654 
7642 
2842 
4629 
3553 
2994 
5019 
4653 
1283 
2198 
788 
7063 
4561 
1510 
5585 
6327 
1983 
9353 
4233 
4525 
8754 
1208 
7207 
9208 
6433 
6024 
1080 
8330 
8350 
250 
8521 
7953 
3979 
1678 
2455 
6373 
8345 
7203 
8293 
2132 
9518 
3564 
8104 
7591 
7267 
8089 
4825 
5829 
1095 
1381 
8154 
8074 
5800 
9478 
9329 
5894 
3635 
3680 
8320 
7660 
7124 
6820 
2079 
756 
796 
4568 
6283 
2778 
6185 
3192 
1693 
6725 
4268 
9163 
5148 
8382 
6974 
497 
2902 
1088 
1513 
4784 
9806 
1054 
3540 
3673 
5374 
294 
4248 
600 
1685 
833 
8996 
3866 
1929 
5920 
2633 
6726 
8046 
1253 
5042 
3729 
9758 
9410 
3162 
3114 
2743 
6765 
7558 
512 
2340 
4059 
2266 
9963 
6480 
5591 
1174 
9396 
4330 
9219 
9314 
4901 
3379 
7624 
342 
3495 
2630 
3683 
4237 
2850 
1532 
3526 
4943 
1562 
2746 
3982 
521 
2947 
4004 
935 
6771 
8729 
7218 
1008 
2228 
1256 
9331 
9140 
2131 
5880 
625 
7982 
5685 
761 
1274 
2341 
190 
5420 
6081 
6232 
6954 
335 
5827 
8327 
1087 
8791 
9238 
9427 
2672 
5804 
3745 
6770 
8678 
5477 
5751 
3898 
2476 
3360 
7987 
4742 
1021 
8822 
2479 
8482 
2925 
6543 
7972 
6140 
1989 
372 
3666 
9861 
7720 
7901 
5365 
3468 
6227 
619 
260 
4297 
6089 
10007 
5898 
1432 
2550 
5466 
1394 
3565 
6521 
6193 
5781 
3669 
3044 
4696 
882 
8251 
3706 
2195 
7897 
6719 
4177 
6444 
2157 
3392 
5503 
2359 
9164 
4142 
3493 
369 
7802 
1400 
9895 
7049 
8777 
1437 
1996 
2174 
6369 
8431 
7253 
7770 
349 
9826 
2858 
554 
5675 
6402 
6007 
7243 
9882 
8874 
357 
7004 
3530 
3240 
6519 
1548 
9669 
4850 
6435 
1695 
3366 
4277 
8510 
6992 
2786 
3921 
2097 
4240 
5367 
9200 
1900 
9574 
9578 
3323 
6839 
1686 
9354 
5524 
8486 
6171 
8263 
6389 
3326 
606 
7827 
6302 
6938 
9127 
8061 
2216 
1931 
4954 
363 
8722 
7698 
2755 
4747 
7302 
9597 
5198 
3795 
5212 
5317 
876 
7786 
2087 
7548 
7122 
6353 
9468 
6678 
1894 
2910 
3727 
3841 
7238 
8499 
2396 
1811 
2734 
7118 
112 
6316 
5013 
341 
2435 
2576 
4321 
8962 
8095 
416 
804 
6062 
6749 
5850 
3081 
4555 
5263 
4730 
6235 
8872 
2533 
3075 
8706 
7281 
7655 
8579 
1561 
8349 
1322 
3858 
5310 
1019 
5329 
8205 
2130 
9016 
3815 
2490 
1778 
7596 
2878 
3037 
1734 
1439 
4673 
5021 
2478 
8008 
7457 
6189 
6735 
8337 
1947 
8994 
7315 
4334 
7735 
7860 
9996 
4617 
5923 
2752 
630 
693 
4111 
7502 
2977 
8662 
9094 
1465 
4285 
8670 
6641 
1382 
5681 
5176 
7989 
5169 
6143 
6169 
2950 
7312 
4436 
7895 
7257 
7103 
5142 
6468 
4441 
6088 
884 
6096 
6847 
2134 
846 
4173 
9876 
4193 
6514 
3437 
4325 
397 
9025 
9942 
2641 
8185 
5261 
7910 
6869 
5707 
6481 
2699 
5288 
7382 
239 
8731 
504 
4194 
4073 
7143 
1642 
7931 
7787 
6578 
3173 
853 
5406 
3105 
2589 
5105 
5440 
2740 
3372 
8959 
3068 
7650 
8404 
1275 
1501 
9185 
5444 
2666 
9712 
8858 
2625 
8821 
3218 
3457 
4832 
681 
126 
9266 
3752 
9485 
4983 
2766 
3546 
6057 
1313 
7285 
259 
5792 
4431 
1001 
3906 
9221 
7481 
6463 
5567 
2010 
3961 
4262 
8305 
5033 
5335 
8695 
298 
9041 
6983 
7677 
2021 
3228 
8395 
4127 
6201 
6309 
7261 
1832 
7609 
3033 
4203 
2984 
336 
8851 
1469 
9768 
1830 
2897 
8590 
4160 
2036 
3183 
3485 
6567 
6331 
8424 
4626 
8845 
7800 
6424 
8317 
1489 
474 
9605 
3146 
3098 
2869 
3999 
9308 
1072 
5634 
8200 
8972 
6667 
7866 
8098 
6798 
9562 
8720 
5705 
5797 
4072 
4146 
6513 
6368 
2607 
2890 
5522 
7926 
3331 
5388 
8532 
5297 
575 
4421 
6162 
6932 
8112 
334 
6031 
5945 
6293 
8764 
1740 
8652 
2119 
122 
4710 
8819 
8354 
5344 
5207 
1866 
5816 
1314 
7955 
7748 
6395 
1615 
4063 
5826 
5733 
2640 
5137 
6072 
1982 
6631 
3349 
5985 
3595 
4908 
1738 
4220 
1871 
3675 
9620 
5451 
2199 
7984 
9551 
232 
7459 
6835 
9680 
6306 
3952 
8418 
2038 
4305 
6603 
2263 
257 
4925 
8763 
2805 
3991 
3859 
7381 
8629 
1840 
478 
5195 
8848 
7137 
2163 
6675 
2048 
7562 
203 
1235 
2099 
8174 
3702 
1241 
3803 
1962 
9018 
943 
1202 
5912 
8929 
7159 
7278 
9499 
7039 
1512 
7659 
169 
6239 
2604 
9533 
1402 
4861 
6592 
9248 
8995 
8726 
9810 
6269 
2482 
9301 
4669 
7319 
9539 
4149 
4181 
5916 
7531 
3534 
5637 
1415 
3002 
8544 
6532 
3728 
7058 
952 
9457 
3937 
6622 
9132 
9297 
1006 
6555 
631 
2217 
3254 
5773 
8394 
4956 
9869 
9315 
4249 
9317 
6743 
8087 
9950 
7861 
825 
6704 
8622 
3988 
6975 
4466 
8366 
1490 
9760 
8455 
869 
6042 
880 
489 
9705 
9761 
4475 
3873 
9631 
4637 
7891 
1404 
911 
4029 
9250 
3797 
2125 
5944 
1161 
679 
779 
8429 
7233 
3692 
2044 
7368 
8122 
9006 
6200 
4593 
8311 
9565 
715 
8800 
1485 
1529 
4056 
668 
9714 
3868 
8717 
2585 
8570 
9187 
10076 
2031 
9640 
8479 
705 
9429 
3227 
6325 
2140 
4335 
8668 
3348 
2590 
3030 
9100 
6244 
370 
5612 
7807 
548 
3127 
802 
7652 
8494 
8553 
2502 
7521 
5456 
6364 
1498 
4551 
7052 
9965 
8166 
4148 
7327 
3264 
9751 
8042 
805 
749 
338 
4293 
1119 
4084 
9939 
7439 
1082 
5431 
7405 
9209 
1220 
9076 
873 
6668 
5583 
9438 
5102 
10031 
1035 
1784 
7182 
2057 
6926 
454 
104 
5953 
2164 
4509 
5739 
8516 
752 
7699 
915 
6853 
4527 
3708 
9610 
1584 
350 
9600 
8131 
4026 
9077 
3415 
7636 
2675 
4212 
529 
435 
535 
6734 
9822 
10058 
5040 
2560 
5989 
7501 
8364 
8632 
2922 
3850 
8980 
1290 
9004 
7264 
273 
8182 
6886 
6153 
3653 
9931 
6863 
5313 
8605 
7859 
7168 
332 
9873 
6280 
172 
343 
898 
5959 
7857 
5806 
691 
7761 
436 
7990 
793 
423 
5277 
9847 
4798 
6919 
9262 
4369 
4117 
10011 
8292 
10022 
7461 
628 
5138 
3802 
9983 
3761 
1748 
7313 
5865 
3997 
7750 
6135 
5078 
6251 
129 
7068 
6004 
1142 
5080 
248 
8334 
9013 
2255 
1101 
8698 
3580 
4600 
384 
8712 
6867 
4982 
913 
3170 
7711 
8433 
10017 
4912 
9770 
5961 
7842 
6346 
6722 
6208 
3434 
1896 
9263 
8835 
8673 
9570 
4022 
192 
394 
9001 
6624 
3102 
8565 
5931 
1836 
2469 
6928 
963 
9859 
968 
9117 
4184 
2295 
2688 
2509 
7943 
1655 
6270 
3695 
3336 
3109 
9530 
552 
1933 
10026 
10089 
1788 
8428 
1536 
6320 
6552 
1605 
8102 
5089 
2815 
6063 
9974 
8199 
6796 
2209 
2543 
656 
816 
3047 
1594 
868 
9242 
5258 
5479 
4878 
3325 
3556 
3676 
5756 
5778 
2522 
4219 
275 
3860 
8280 
4225 
8620 
2653 
7681 
6322 
4788 
6224 
6976 
347 
613 
3846 
9482 
9590 
379 
6391 
1737 
7070 
747 
9807 
1127 
3506 
8441 
3460 
2661 
4375 
1133 
320 
6525 
9432 
3168 
2741 
8339 
6342 
8635 
4288 
1877 
4032 
9057 
5997 
106 
5621 
2769 
8696 
9991 
4104 
1776 
4734 
2912 
9483 
1348 
4370 
6627 
3572 
9614 
268 
5929 
5713 
4957 
7512 
217 
8515 
9814 
1520 
8287 
9686 
9856 
7348 
5177 
6181 
5896 
2464 
2153 
1799 
7395 
5163 
8691 
9851 
3378 
2327 
7718 
6068 
3621 
7171 
2381 
8376 
9526 
6445 
6860 
1212 
3786 
9137 
7273 
2328 
6259 
8234 
5947 
2552 
852 
4560 
7199 
9557 
9678 
8198 
2753 
8765 
6376 
4937 
3604 
8693 
8884 
6215 
8584 
3394 
2364 
3066 
3421 
1306 
127 
10018 
4438 
7671 
2177 
4217 
7820 
2300 
1167 
3830 
2410 
2127 
9338 
9890 
9445 
2275 
5667 
3089 
4185 
8318 
9455 
6703 
2105 
8863 
7713 
8288 
2433 
3039 
4857 
2226 
189 
8324 
6148 
3364 
6599 
4799 
1511 
9641 
1524 
1699 
2919 
765 
4172 
9868 
3477 
2294 
9464 
9104 
6902 
5927 
5185 
271 
5859 
8195 
2906 
807 
8036 
2999 
10066 
4197 
3043 
5588 
3585 
4083 
4945 
3185 
570 
4518 
3767 
8965 
3315 
6165 
9321 
2320 
7954 
8527 
4674 
6558 
7937 
8144 
8937 
311 
9781 
9055 
1697 
4458 
2349 
848 
5949 
1928 
2931 
8860 
4259 
213 
769 
9235 
9007 
4814 
3046 
1573 
6600 
9296 
5860 
3171 
484 
2159 
1707 
9227 
1018 
9160 
9697 
3963 
7912 
6299 
7815 
1689 
5948 
7446 
6101 
4897 
3831 
9487 
4069 
5304 
6455 
1214 
6621 
6911 
4427 
8834 
9628 
9980 
888 
8500 
1270 
9747 
3932 
6123 
9979 
5264 
7837 
7717 
7853 
6922 
7147 
2290 
1913 
7783 
9103 
6935 
7696 
5982 
8839 
8776 
4851 
3387 
5029 
1106 
6037 
5483 
6946 
9957 
1458 
5941 
9638 
9819 
8569 
9523 
1176 
8188 
102 
9940 
1319 
5295 
7197 
5861 
6078 
1793 
8284 
5452 
3160 
116 
1145 
7627 
5596 
3056 
5597 
787 
8096 
8830 
9157 
5717 
4567 
3291 
8446 
2018 
1421 
6381 
7412 
7455 
7031 
5987 
814 
5392 
4468 
900 
8514 
8010 
6059 
9116 
5654 
8932 
6855 
5085 
2760 
1657 
1455 
6071 
2471 
1625 
8694 
9915 
5918 
6117 
4380 
6892 
2029 
8771 
6986 
9312 
7371 
9813 
2646 
2855 
8547 
967 
3599 
7045 
8806 
3939 
9682 
3266 
4455 
3529 
4161 
4748 
3998 
2085 
5060 
4863 
6019 
7067 
3472 
1467 
8878 
440 
4616 
2632 
725 
1335 
3188 
1724 
5563 
6881 
6278 
2110 
4546 
6060 
1062 
7204 
6635 
9576 
578 
874 
6493 
5526 
468 
6958 
3891 
1475 
417 
4793 
3353 
6680 
2371 
4872 
811 
3451 
6601 
2696 
1855 
470 
5232 
1736 
1687 
9934 
4086 
2715 
3592 
6273 
4796 
7487 
7490 
7988 
433 
2617 
2458 
9044 
4119 
7921 
4596 
7792 
542 
3181 
650 
7938 
6182 
3886 
1244 
6006 
490 
1438 
3608 
5417 
6112 
6502 
340 
928 
2338 
6693 
3915 
6940 
9696 
6887 
4107 
5160 
186 
4881 
1315 
5871 
5237 
2872 
1371 
8801 
3340 
8029 
7434 
7774 
1172 
3571 
8355 
3947 
2186 
6001 
1670 
7821 
3476 
287 
3038 
1139 
3583 
649 
704 
7460 
9106 
7791 
1624 
3439 
8987 
8130 
5149 
5955 
5210 
2414 
5429 
8580 
2749 
5426 
1334 
8210 
3902 
1976 
209 
5642 
8461 
5745 
3854 
8336 
8434 
5562 
636 
2258 
2808 
4284 
8211 
313 
7798 
5383 
9801 
4252 
9921 
6909 
2493 
4810 
738 
7072 
7306 
8094 
5268 
803 
4529 
7284 
3083 
8420 
1286 
6673 
2574 
5276 
9114 
8039 
3245 
9988 
4274 
8106 
2467 
4106 
7581 
8715 
3995 
9352 
5488 
4001 
2739 
6107 
8406 
4290 
7033 
6993 
3810 
4393 
4100 
7755 
7773 
8449 
6822 
10091 
3174 
4813 
9311 
6260 
9546 
7242 
428 
3252 
6197 
10034 
4750 
5528 
1822 
6298 
2403 
8710 
8390 
4483 
9324 
4316 
1305 
2037 
4764 
5203 
9755 
9892 
5678 
1321 
9585 
155 
6953 
3141 
4433 
1814 
6261 
7517 
9512 
8299 
2283 
8374 
1387 
2100 
4122 
1614 
3403 
733 
7752 
8194 
6633 
3064 
3191 
6484 
9237 
2507 
664 
7280 
4846 
2175 
499 
3393 
6347 
2938 
1052 
7201 
611 
6318 
9612 
8513 
4841 
4074 
3679 
4889 
1350 
5741 
8674 
6980 
4363 
6420 
8342 
8260 
4202 
840 
3233 
173 
9756 
5284 
9449 
9811 
1864 
9102 
1623 
751 
859 
477 
6836 
8051 
400 
7625 
1278 
1033 
3687 
4704 
1246 
9880 
1641 
9388 
5035 
2296 
4671 
3055 
4346 
8556 
5357 
2329 
7648 
2313 
7690 
1136 
4329 
7397 
2524 
9903 
6183 
2250 
9508 
339 
3927 
950 
2350 
3184 
9907 
8450 
5821 
2854 
3462 
7704 
9566 
4226 
9086 
5227 
2716 
830 
6865 
388 
4635 
9036 
4987 
1747 
4474 
8109 
1530 
3454 
4936 
4328 
1828 
2857 
4620 
7149 
5251 
2317 
5715 
8984 
4826 
7202 
1851 
7844 
4023 
3405 
2953 
10054 
3255 
6401 
2407 
7235 
7161 
4528 
7917 
4434 
2013 
2724 
2322 
5370 
1593 
2378 
5159 
409 
4709 
7758 
892 
9408 
9786 
1922 
5853 
7051 
9635 
3374 
243 
9778 
1187 
10052 
4190 
7318 
514 
7528 
3541 
2243 
509 
7836 
3642 
7640 
4382 
1416 
3611 
9999 
4129 
5296 
4057 
8483 
4575 
6661 
3750 
2090 
8752 
7790 
3201 
7016 
5506 
1834 
626 
1201 
9274 
4800 
6551 
317 
1817 
2797 
1445 
4766 
7131 
6339 
8750 
274 
4381 
6490 
3212 
3076 
1239 
5998 
8680 
9282 
6188 
8393 
1665 
7375 
1910 
3475 
1879 
8281 
2363 
2592 
8421 
10080 
5101 
5135 
8487 
2814 
2052 
1403 
5828 
7269 
662 
1359 
6344 
5644 
1198 
4643 
3566 
7251 
1708 
8077 
8738 
9629 
1343 
8564 
3864 
3470 
5518 
4376 
7818 
782 
537 
2954 
4639 
5368 
1396 
2520 
2915 
4779 
3984 
3148 
1603 
364 
5209 
6431 
3643 
7390 
4174 
7134 
2109 
1751 
8457 
3628 
5684 
9330 
3782 
1453 
7293 
2179 
5525 
7632 
4705 
447 
5015 
8323 
9732 
2757 
4014 
1156 
7730 
4025 
450 
6593 
3304 
8432 
3473 
4498 
2033 
6437 
5234 
710 
1721 
258 
1731 
6255 
2080 
4741 
889 
9881 
1570 
9255 
1483 
8914 
4729 
914 
8887 
4713 
1266 
4876 
854 
8774 
7587 
2616 
120 
1499 
8203 
285 
2224 
7388 
7657 
7142 
9564 
887 
3358 
1537 
8811 
2828 
6941 
2686 
4499 
8554 
9141 
5153 
1016 
8595 
7898 
9746 
3471 
2473 
9655 
2361 
6516 
7522 
100 
6604 
2373 
7916 
3463 
371 
3672 
3509 
9020 
2706 
7334 
5325 
9796 
5742 
1358 
1504 
6907 
6896 
4394 
7970 
694 
8407 
2827 
7564 
4621 
4738 
732 
310 
3306 
8732 
1388 
5669 
5780 
3093 
426 
10055 
8417 
6045 
8134 
922 
1422 
6834 
9643 
5006 
2207 
8640 
8913 
7311 
7407 
7565 
6997 
574 
9339 
3532 
3029 
6472 
6999 
1660 
2089 
8202 
3649 
9716 
6064 
5467 
3026 
6843 
1841 
4422 
2316 
3350 
9780 
6054 
8883 
4619 
9257 
6366 
8879 
648 
3605 
903 
7282 
5306 
6362 
4731 
6927 
10063 
492 
2731 
7680 
4044 
1405 
6091 
5606 
10040 
9715 
9223 
5988 
9360 
5380 
1502 
1141 
4921 
957 
9958 
1369 
6168 
2804 
327 
2261 
109 
1173 
8105 
7935 
1544 
6150 
7526 
8561 
4680 
8669 
5818 
5614 
7641 
5348 
9569 
1126 
8903 
1028 
8955 
6326 
5280 
5635 
9627 
174 
4471 
2895 
815 
7492 
5093 
644 
214 
1598 
7963 
7852 
9333 
2331 
1711 
8285 
279 
9125 
3949 
167 
4933 
4646 
267 
3678 
6706 
147 
8503 
672 
2045 
5753 
2799 
7580 
9492 
692 
8220 
337 
3305 
7087 
10073 
5328 
7294 
5901 
7923 
3656 
4865 
3879 
3354 
1325 
9305 
5913 
6996 
9935 
9011 
3087 
6738 
8948 
1937 
7922 
8508 
2962 
9107 
2251 
7476 
2781 
6029 
5698 
8480 
6548 
9435 
5248 
2568 
4060 
3888 
7425 
8758 
368 
4823 
2991 
1299 
6942 
3747 
2758 
6628 
8520 
2092 
3436 
3121 
5345 
6685 
9385 
1291 
6833 
8701 
5373 
1148 
3664 
345 
958 
9056 
7428 
1963 
9734 
8001 
8440 
7079 
10041 
6118 
6931 
3071 
8423 
2562 
2971 
9702 
4038 
9912 
5225 
2545 
249 
6849 
634 
3554 
2422 
9978 
510 
2807 
4112 
8491 
9138 
3398 
595 
9994 
5876 
6332 
3204 
5577 
5868 
8642 
3586 
3199 
8956 
1618 
7138 
9398 
8389 
3088 
6166 
2511 
7167 
5613 
8559 
7141 
4170 
6220 
8704 
5687 
1279 
9858 
3078 
7658 
9695 
6943 
7119 
2369 
3399 
8548 
5688 
5347 
8807 
6759 
9430 
9407 
6656 
204 
2065 
6196 
3740 
3409 
7000 
1406 
5450 
2126 
1295 
8930 
8006 
3474 
734 
9777 
4030 
1717 
2567 
6157 
6105 
6097 
615 
1671 
7985 
6669 
6190 
1233 
4625 
1569 
8581 
4532 
2570 
9265 
3876 
1165 
8328 
7948 
5716 
9310 
3431 
742 
7661 
1749 
3432 
8315 
2203 
8245 
3520 
1412 
1386 
8219 
4258 
8721 
4961 
6040 
5879 
481 
2212 
5238 
176 
2578 
2845 
7728 
7228 
4337 
8067 
8859 
10025 
8592 
465 
9924 
4989 
8136 
7996 
346 
4715 
1217 
7266 
2442 
3158 
1372 
1890 
3444 
3775 
5867 
6453 
7744 
289 
10023 
655 
197 
9719 
6956 
6350 
6618 
3017 
10043 
7731 
9420 
4707 
1209 
8340 
4228 
5187 
1251 
2173 
3607 
1507 
9121 
7612 
1924 
3369 
3310 
5683 
5925 
2659 
875 
4542 
6898 
3020 
4564 
8363 
2342 
7130 
1978 
5746 
9000 
7326 
3123 
7377 
2648 
5755 
7975 
2554 
9567 
9848 
4078 
8650 
6403 
2284 
9637 
3934 
3244 
2970 
458 
405 
2937 
6841 
2981 
1240 
1408 
9522 
6406 
1764 
2451 
6501 
637 
8113 
1884 
6209 
3487 
9726 
2972 
461 
9091 
7902 
1293 
9258 
6264 
6225 
7890 
7946 
5430 
8923 
5023 
8942 
6916 
4949 
8222 
3875 
4951 
531 
6924 
1857 
4476 
9230 
9473 
1728 
1282 
3715 
582 
3603 
8684 
5819 
9192 
10013 
7733 
9839 
4005 
1115 
1820 
4811 
3840 
9899 
8961 
2862 
9849 
7618 
2535 
2497 
9704 
6263 
10000 
536 
7075 
2793 
8415 
1122 
1756 
9967 
8551 
8050 
9749 
3453 
2822 
1226 
3862 
3411 
9838 
6124 
896 
7213 
8867 
2549 
7993 
1497 
7191 
7162 
6989 
988 
2148 
4000 
1577 
1805 
9062 
6492 
1690 
2304 
3480 
1128 
7252 
8603 
4187 
3567 
5044 
965 
7856 
8587 
6307 
687 
1802 
5952 
3024 
843 
1567 
8156 
1540 
3077 
7454 
3940 
9828 
6939 
4590 
1259 
771 
4040 
5393 
6879 
3023 
4718 
3094 
6053 
6397 
7582 
8998 
4242 
8815 
4754 
8924 
8012 
2051 
8728 
6571 
1146 
4817 
1775 
9708 
5038 
1566 
6619 
2372 
496 
652 
556 
2095 
6046 
1111 
495 
8667 
2720 
508 
6707 
9889 
138 
7865 
9553 
9677 
4238 
9752 
2863 
4295 
7814 
9724 
2054 
5793 
3753 
6122 
7307 
8660 
7082 
3407 
1229 
4758 
3699 
9477 
309 
8901 
7304 
9460 
2027 
2428 
6061 
6933 
7372 
3559 
8733 
3789 
3054 
8637 
7766 
5109 
5355 
5315 
7163 
7303 
2150 
1634 
5255 
5610 
1682 
5512 
9207 
4942 
5087 
4324 
4780 
8536 
288 
1666 
6291 
3655 
1076 
6753 
3135 
9692 
9161 
4543 
498 
1588 
3175 
1296 
483 
2785 
6694 
5182 
4584 
3772 
5398 
3242 
8230 
253 
994 
5094 
4051 
3713 
2256 
2474 
1414 
3647 
6899 
3157 
7035 
1629 
2214 
2318 
2559 
4079 
4420 
7604 
8269 
3916 
9387 
4138 
3780 
9284 
8300 
6247 
3986 
9913 
2074 
5777 
4838 
136 
6250 
6358 
9703 
2494 
8802 
3812 
4538 
2181 
2512 
980 
7759 
3440 
326 
4216 
6495 
1750 
6103 
2669 
6176 
5736 
1791 
3063 
4953 
1255 
6301 
8912 
5376 
1552 
3542 
3388 
1800 
7825 
3689 
10012 
5287 
7665 
5699 
385 
5490 
5439 
2708 
148 
9198 
2401 
7270 
6658 
2330 
3622 
4021 
5221 
9670 
5744 
4975 
3180 
8966 
8496 
9927 
7751 
2711 
3519 
883 
5469 
5543 
3012 
7615 
10046 
8447 
6961 
2223 
8957 
7977 
8790 
5680 
1872 
8739 
3730 
8809 
2355 
4964 
9765 
6510 
1610 
1732 
4656 
1883 
6504 
9042 
5250 
6965 
7192 
2047 
376 
2413 
2208 
6155 
5650 
4351 
7743 
4487 
1249 
5473 
7300 
934 
2162 
2677 
6819 
923 
286 
9479 
1745 
9797 
4299 
7214 
3302 
9412 
8123 
6204 
5888 
123 
7073 
5508 
1621 
5973 
6650 
3371 
8159 
6764 
3296 
8128 
4364 
6512 
1833 
3835 
5070 
7387 
9334 
6816 
2541 
6426 
9441 
3424 
8481 
7206 
6812 
7530 
4860 
240 
4260 
6422 
5463 
7775 
4464 
6535 
9900 
6408 
4772 
7325 
3420 
1222 
2774 
1968 
860 
1821 
5108 
3282 
4862 
6459 
3962 
1429 
3338 
2368 
4736 
4859 
7899 
5050 
4291 
6671 
1523 
9244 
117 
4597 
3739 
9782 
10071 
682 
7819 
1986 
7503 
8855 
3426 
8026 
2445 
4559 
3112 
9379 
3717 
10060 
4279 
7198 
5036 
254 
3299 
9789 
1801 
5534 
9184 
2532 
8766 
6577 
1620 
9932 
2205 
4205 
2685 
2008 
1925 
9050 
1267 
9791 
2598 
8259 
9083 
9351 
4930 
4135 
8760 
2028 
3690 
8643 
5575 
4589 
231 
8149 
6411 
4235 
8983 
5576 
1680 
9224 
9987 
3469 
7906 
2835 
333 
7146 
9972 
2903 
8934 
3560 
2744 
2204 
3190 
1713 
5165 
6741 
5382 
4587 
2238 
3301 
467 
3165 
5749 
6230 
1089 
9397 
587 
2595 
3711 
791 
2210 
8623 
5113 
9467 
4493 
1384 
5199 
8172 
8458 
4140 
242 
3257 
8139 
5079 
2362 
10059 
7224 
393 
3401 
3618 
5141 
3743 
6921 
7239 
1427 
7777 
1647 
7808 
4844 
589 
4009 
9947 
1149 
4544 
6374 
9431 
6701 
8221 
9120 
3623 
6430 
8775 
3917 
7757 
10084 
9168 
3448 
5200 
4243 
1905 
5381 
2016 
7347 
6051 
3821 
9534 
1797 
2813 
8533 
3502 
3531 
2540 
7663 
6900 
5940 
2168 
4489 
1341 
1081 
7537 
9507 
2553 
157 
9587 
9516 
5359 
5252 
1730 
4806 
8049 
7613 
9193 
381 
6310 
5549 
216 
8773 
200 
5118 
1298 
3951 
2636 
2784 
7040 
9738 
4622 
7314 
8392 
399 
1964 
1252 
6013 
101 
2577 
7211 
1015 
8233 
2992 
1715 
3287 
7055 
744 
2076 
4761 
4282 
2188 
6615 
5275 
7506 
2167 
2777 
1380 
5088 
9787 
4746 
7523 
4615 
3890 
9953 
7968 
2418 
6546 
8837 
9661 
3813 
4760 
8607 
6476 
891 
184 
541 
6032 
276 
1459 
10048 
9186 
6130 
9320 
211 
5144 
7419 
4234 
5364 
4450 
8018 
6589 
5805 
5538 
8419 
827 
2571 
908 
8069 
8019 
2259 
3203 
5697 
6008 
9514 
2561 
3981 
5058 
3491 
563 
7508 
2030 
5353 
7205 
4501 
1471 
557 
6409 
3969 
7114 
6848 
7158 
4699 
3259 
7928 
5771 
6451 
5513 
8193 
9531 
6651 
4128 
6044 
3788 
4588 
6192 
2138 
2260 
9911 
3568 
3149 
6087 
1718 
2146 
9170 
3615 
4649 
7346 
7467 
5639 
9205 
2006 
2517 
1608 
7498 
8184 
964 
2985 
1284 
5910 
2735 
3018 
8378 
9067 
1752 
7299 
9919 
415 
982 
5962 
1886 
5427 
1166 
432 
1237 
1572 
9604 
2891 
413 
8908 
4778 
5719 
5030 
6808 
972 
5097 
5499 
8248 
4304 
6156 
8466 
7969 
8944 
7478 
4845 
4722 
9048 
3547 
9281 
8231 
5974 
6591 
7749 
7200 
2773 
700 
1568 
6262 
2438 
7964 
8702 
4708 
5322 
1754 
10033 
1977 
5788 
3726 
471 
6479 
6497 
4816 
4601 
6602 
3196 
4446 
4636 
3832 
954 
4333 
7019 
5883 
6802 
7678 
9684 
5724 
7883 
5731 
6890 
1517 
386 
3258 
2800 
1633 
7236 
3385 
4988 
7692 
5875 
1102 
9837 
5852 
4075 
2232 
1985 
1121 
7811 
7579 
4592 
6556 
2392 
2926 
3051 
5123 
7385 
2384 
2358 
7097 
5573 
5214 
7950 
7344 
6423 
9633 
1178 
7328 
7100 
1096 
9491 
1927 
6640 
2683 
2738 
5839 
2193 
162 
7331 
7736 
4312 
8427 
6242 
6777 
7010 
6814 
7185 
7301 
9745 
3124 
5851 
9493 
1195 
9105 
4607 
5676 
4702 
1098 
4549 
5544 
6606 
3003 
7094 
6136 
1493 
933 
2499 
538 
3274 
7784 
1300 
7892 
5970 
9887 
3466 
3887 
1824 
1231 
5789 
5981 
3791 
8275 
7721 
1895 
5743 
6507 
8247 
5022 
8368 
3213 
9769 
7875 
726 
3698 
7647 
5103 
7846 
7169 
8689 
437 
5197 
4993 
784 
3167 
1026 
9068 
4991 
2404 
4877 
4359 
2448 
4839 
1773 
3344 
4644 
389 
2717 
1354 
9495 
4633 
9606 
5189 
3131 
6837 
8146 
358 
658 
6663 
8769 
1579 
4743 
1663 
1952 
7589 
3373 
3606 
9630 
9373 
6129 
8371 
7684 
8522 
2914 
1839 
5833 
8742 
997 
2510 
380 
1058 
9231 
1906 
7813 
1440 
9898 
4997 
5157 
1245 
5129 
2335 
7248 
1780 
3663 
2206 
8081 
1571 
8597 
2624 
9135 
2776 
5908 
6520 
6055 
979 
5769 
7672 
654 
1353 
7900 
5083 
766 
6145 
7871 
9579 
4803 
5971 
1667 
4969 
724 
1898 
5194 
5936 
4651 
7574 
1509 
3117 
718 
3084 
5558 
9586 
975 
2213 
7782 
2136 
1494 
1995 
8904 
3845 
708 
6542 
6564 
4143 
7226 
3818 
6736 
9154 
1280 
8209 
4749 
5290 
2884 
4763 
9908 
2883 
5445 
7855 
1443 
1360 
855 
8357 
6851 
2235 
5570 
3924 
3053 
5134 
7102 
2618 
9245 
1557 
1684 
8615 
1236 
9115 
3381 
1242 
2967 
8187 
1289 
8711 
1349 
1323 
1965 
5356 
8714 
1218 
4236 
1022 
7708 
9243 
832 
3281 
6355 
8286 
8657 
4783 
1232 
1496 
6683 
4893 
2597 
9370 
2627 
362 
9088 
2523 
7884 
1071 
2772 
8755 
755 
4448 
819 
8066 
230 
1794 
2042 
7026 
9841 
9169 
3179 
3548 
7392 
6721 
10050 
7740 
4481 
5814 
7178 
2409 
904 
834 
2651 
9174 
4720 
3279 
3645 
9064 
2697 
754 
2917 
7823 
912 
3610 
2416 
5498 
6912 
3389 
2061 
7797 
6015 
7482 
1049 
466 
6277 
9101 
5714 
4342 
8816 
4594 
245 
7383 
4792 
2122 
1034 
9081 
119 
8271 
8108 
8501 
6447 
969 
9808 
6094 
4136 
6352 
9568 
5695 
2536 
4873 
7605 
9753 
3828 
801 
6870 
4827 
3267 
1030 
1644 
6686 
6809 
8086 
5817 
9374 
1391 
8534 
1116 
9092 
206 
6457 
6012 
4016 
7559 
9545 
3843 
2693 
4534 
983 
1271 
1086 
2291 
562 
321 
9914 
130 
5341 
2101 
7709 
1409 
3994 
9842 
5640 
7781 
3619 
4408 
9366 
3659 
1837 
303 
8399 
8133 
2465 
4822 
3764 
3582 
3594 
2336 
3256 
3638 
9623 
6375 
7036 
871 
2387 
8250 
6228 
5338 
4990 
2312 
3880 
6009 
6236 
745 
7462 
3247 
5810 
4415 
7249 
2670 
1887 
4166 
7423 
4043 
2514 
8599 
3122 
1039 
3277 
3319 
8473 
3222 
256 
8797 
2262 
8254 
9645 
1658 
809 
9049 
6522 
2252 
8189 
3418 
9390 
2853 
1472 
277 
2563 
8992 
3062 
7998 
5246 
8991 
6511 
1792 
9897 
8876 
7679 
1694 
3041 
5098 
8444 
1860 
2196 
4410 
6811 
8041 
6711 
588 
7144 
7995 
7639 
2197 
9249 
5631 
7628 
1188 
2767 
9832 
5795 
5289 
1068 
6920 
4524 
2542 
6439 
3099 
6345 
3920 
6872 
5618 
1495 
8165 
932 
9993 
1020 
5738 
907 
261 
1744 
5152 
4801 
2375 
1582 
5994 
5273 
1444 
1185 
5495 
1192 
7765 
9960 
5878 
5915 
9402 
9757 
6689 
424 
10045 
5643 
6035 
3987 
8945 
6739 
9584 
989 
9595 
8498 
9369 
3025 
482 
2676 
2525 
7966 
4165 
1960 
6267 
8290 
8381 
7077 
9989 
3900 
3161 
713 
1118 
7864 
9071 
9475 
7538 
4986 
453 
2939 
6861 
4895 
8882 
4230 
3573 
1077 
9303 
3575 
7851 
8862 
4932 
6022 
442 
5442 
5136 
3865 
6761 
1276 
4890 
1383 
2049 
3948 
5271 
5249 
5555 
4535 
3447 
1767 
6888 
1706 
6670 
9150 
2007 
6341 
9870 
5711 
2009 
3872 
5858 
4870 
9110 
5844 
3416 
5835 
4322 
3092 
6625 
7888 
7342 
6947 
1940 
8408 
2978 
3516 
5574 
4399 
4802 
8422 
5533 
6418 
146 
7631 
2944 
3260 
3100 
4109 
5193 
4875 
5539 
8474 
6237 
2737 
2441 
8979 
8215 
9588 
7638 
8596 
8523 
3265 
2515 
9362 
3697 
7098 
5422 
5568 
8894 
978 
670 
191 
1347 
5960 
6955 
4006 
4103 
3971 
10075 
5811 
7298 
5478 
4866 
7374 
3410 
810 
8170 
8921 
8617 
6523 
7780 
1482 
5708 
9147 
4042 
5647 
6697 
9377 
781 
5154 
2964 
6657 
3465 
9417 
5808 
3579 
9918 
3881 
7971 
7219 
820 
6729 
5969 
4484 
4711 
2529 
10044 
9090 
8619 
1011 
753 
4512 
8180 
1723 
2053 
4898 
7854 
367 
3749 
7951 
4186 
7362 
9340 
4479 
1936 
9045 
590 
1009 
2555 
4039 
879 
6584 
4960 
1897 
5727 
351 
8101 
8844 
2183 
659 
7321 
8530 
6080 
3013 
4723 
7723 
2310 
5838 
6972 
3488 
6379 
2644 
4121 
4449 
543 
9270 
7608 
2811 
8813 
3883 
6286 
3627 
9937 
9474 
7525 
205 
1673 
262 
4269 
9343 
164 
9136 
8917 
2353 
6731 
1807 
5897 
657 
2662 
9857 
4836 
9051 
7712 
4130 
8430 
4164 
8832 
4682 
299 
9943 
1516 
2531 
3558 
2782 
776 
6357 
1204 
2725 
9540 
3065 
8064 
4716 
7889 
1640 
9386 
9009 
1164 
7707 
9502 
857 
9798 
7008 
3352 
3955 
7850 
8011 
6844 
5530 
6768 
234 
1954 
5527 
4012 
8767 
5990 
1069 
6547 
7622 
3322 
1765 
1725 
1842 
3090 
4411 
2292 
2516 
6174 
3103 
1554 
3814 
3718 
1488 
8723 
7981 
7399 
6434 
9350 
8308 
4454 
999 
6458 
6127 
6377 
566 
2979 
3877 
1876 
9247 
5334 
4389 
10003 
678 
770 
4462 
2788 
8808 
2024 
2453 
2846 
462 
4443 
3538 
7486 
7190 
5222 
4721 
5027 
6025 
182 
9273 
6348 
3989 
5125 
4296 
5548 
7176 
7979 
9326 
9675 
2874 
5046 
1345 
506 
6099 
9646 
1941 
7354 
3965 
7549 
1515 
2980 
5626 
8278 
8452 
9124 
8207 
1175 
3654 
9735 
8021 
9087 
4037 
7919 
6605 
1376 
3953 
5067 
7166 
1004 
4463 
4929 
1355 
6328 
3723 
4934 
6489 
2723 
9285 
973 
4147 
6448 
5162 
8262 
3478 
7831 
2905 
4391 
1722 
3318 
9885 
7123 
720 
9701 
6882 
8118 
4396 
1551 
4516 
10094 
4087 
3147 
4256 
2025 
3724 
7936 
5358 
2783 
8016 
823 
5336 
818 
1781 
6217 
7880 
6762 
1370 
778 
1604 
296 
8477 
1980 
6698 
8675 
4706 
5501 
3650 
9403 
987 
6460 
2321 
2402 
867 
6213 
1277 
5782 
6780 
324 
4019 
9471 
8062 
7769 
1363 
6226 
5267 
8703 
4201 
3215 
5995 
3811 
2879 
1909 
3074 
9066 
6769 
8542 
686 
6586 
2491 
7135 
9033 
2084 
5980 
3402 
8114 
9609 
4459 
5723 
8150 
9469 
215 
7915 
7254 
5124 
5977 
1881 
4769 
1826 
8338 
4918 
2582 
1153 
1436 
1806 
3195 
3356 
5171 
838 
4461 
7184 
5645 
4638 
3912 
5068 
1047 
671 
3022 
8241 
4309 
8306 
9547 
1099 
9019 
1395 
946 
8892 
348 
9524 
661 
5515 
3625 
2382 
7739 
6700 
2067 
3177 
3928 
9222 
8261 
3450 
6503 
202 
6864 
4383 
6011 
1092 
6491 
6396 
6688 
5362 
4298 
7391 
7939 
1726 
7724 
9295 
585 
7364 
3425 
8970 
2385 
4465 
1590 
7208 
5343 
9665 
9845 
5240 
2754 
3107 
9952 
7706 
7358 
5292 
5992 
4445 
894 
300 
1433 
4979 
3973 
6010 
3042 
3848 
3461 
3600 
7904 
2920 
5270 
1216 
6308 
188 
7160 
7410 
4739 
7355 
3455 
4580 
6047 
9536 
1243 
3945 
520 
6724 
2149 
1090 
4968 
8768 
7789 
3048 
3250 
1656 
9783 
5972 
3085 
7106 
4003 
6034 
1597 
4886 
1070 
9636 
7367 
7295 
2968 
824 
2278 
8236 
10088 
7978 
583 
9459 
4829 
8868 
847 
6971 
2885 
4782 
5638 
8463 
4223 
5448 
7078 
640 
2901 
7603 
1477 
1230 
5233 
6639 
3292 
3429 
5204 
165 
1053 
377 
1183 
5435 
3901 
1431 
7413 
3036 
444 
4755 
4500 
181 
2249 
8512 
1914 
3406 
4444 
5454 
9593 
6742 
7145 
7656 
5889 
1967 
9214 
9109 
4675 
137 
5438 
4214 
304 
3193 
8169 
5415 
8661 
6590 
6969 
7127 
616 
7180 
9572 
4977 
8093 
2801 
142 
2152 
2194 
5653 
6296 
5043 
3333 
6799 
2816 
9840 
2689 
7840 
9853 
9519 
8239 
5476 
8497 
7415 
2836 
2004 
762 
7756 
392 
9549 
768 
1519 
3930 
7634 
9108 
2657 
9727 
411 
4320 
2398 
5943 
2390 
5609 
8212 
2889 
7085 
9348 
4144 
7400 
7089 
4303 
4834 
9226 
1500 
2750 
8416 
8274 
1533 
1399 
4139 
9345 
5837 
3544 
7018 
849 
8297 
6187 
1219 
7379 
235 
7816 
3620 
3028 
2483 
143 
4378 
6146 
264 
2830 
4332 
1144 
2687 
2626 
8053 
6648 
9158 
7477 
6184 
4922 
2987 
4276 
5939 
8015 
9867 
5286 
8749 
4520 
6733 
6929 
10096 
4732 
5433 
6660 
2475 
6205 
1196 
1850 
7195 
8609 
6565 
5514 
1297 
9241 
1783 
4523 
10010 
3263 
319 
9239 
8117 
730 
406 
8388 
2412 
6781 
1390 
7006 
118 
1818 
3800 
4868 
627 
4504 
4098 
4515 
7567 
4728 
4666 
7551 
729 
798 
4573 
7870 
1292 
7217 
5877 
2190 
6210 
3096 
7431 
8573 
3550 
6995 
7005 
4896 
494 
4833 
955 
5658 
739 
5784 
2405 
4366 
1424 
4052 
6333 
8849 
6691 
4821 
218 
7483 
222 
3289 
5999 
9283 
3923 
1392 
1250 
6281 
2347 
7237 
7572 
7585 
2832 
5283 
6617 
7155 
3598 
7116 
5119 
4340 
8084 
2459 
1878 
5010 
3688 
3330 
5704 
1463 
305 
2192 
9968 
156 
4899 
5874 
3221 
3395 
9613 
9332 
9364 
10028 
5648 
3362 
6825 
8585 
9884 
6095 
6612 
8055 
2456 
5026 
3189 
2882 
373 
3970 
4339 
9500 
6234 
7164 
6908 
7637 
7437 
366 
9130 
1449 
2997 
7726 
6121 
8679 
6871 
8060 
8545 
2488 
7872 
4425 
5785 
8502 
3312 
5352 
8353 
5706 
5750 
5900 
6319 
6330 
1368 
6655 
4402 
3514 
7175 
7140 
3386 
2859 
2888 
1599 
7826 
9535 
3314 
9194 
1768 
6075 
8589 
4221 
9986 
2866 
8568 
8786 
8798 
5412 
1041 
8268 
2652 
5279 
3863 
2556 
3769 
6536 
6469 
5389 
7157 
10069 
9639 
6199 
3489 
5272 
2817 
3417 
422 
6962 
8871 
3762 
5112 
2020 
1746 
5458 
5812 
6416 
8895 
6100 
2860 
3329 
5396 
6488 
2864 
5554 
9344 
9294 
9955 
9496 
1787 
9959 
6180 
5922 
2032 
4641 
3280 
7702 
3847 
8810 
4627 
1600 
113 
5582 
9750 
9970 
7614 
3197 
9503 
4533 
9148 
4915 
3555 
10070 
4430 
9517 
2921 
2161 
1701 
8594 
455 
5350 
2069 
4015 
2115 
6828 
5617 
3139 
8471 
2393 
10062 
4275 
9287 
3294 
8988 
4938 
5003 
8197 
3367 
7030 
9693 
4314 
6910 
5174 
1858 
1114 
974 
1867 
5899 
8525 
3533 
2756 
4557 
2104 
5520 
8333 
8298 
8610 
3593 
2928 
4265 
8272 
2379 
4132 
229 
6732 
2974 
236 
9093 
158 
178 
7330 
1203 
1627 
7779 
5765 
8591 
5007 
5224 
4911 
1648 
2308 
2236 
3578 
7292 
3950 
5253 
7785 
4198 
7356 
2419 
8302 
9548 
5387 
6856 
6772 
8861 
553 
9454 
3238 
2201 
7426 
8997 
2948 
9951 
9902 
1630 
559 
8387 
6137 
1132 
6877 
6718 
7986 
7930 
948 
6085 
9151 
4010 
2727 
1981 
8472 
5854 
8476 
10039 
942 
8753 
5903 
7151 
4470 
3334 
609 
8325 
7675 
4392 
3269 
7458 
6817 
1619 
2093 
1365 
4595 
5331 
3682 
8974 
5126 
2796 
6785 
1137 
9866 
7365 
9827 
10002 
5009 
4537 
5822 
8986 
5285 
1184 
3479 
4264 
5066 
3339 
4404 
1064 
2343 
4553 
2951 
6115 
4272 
9577 
4102 
3108 
3751 
4717 
10049 
8875 
1733 
5167 
402 
7590 
1827 
643 
5843 
2103 
4858 
2041 
6039 
6859 
4618 
3101 
5432 
1311 
5164 
8889 
5686 
133 
1932 
4469 
7577 
9210 
9537 
8107 
3720 
6441 
3365 
3755 
763 
1564 
1538 
9683 
9528 
4657 
9027 
6477 
3804 
9171 
7062 
7081 
8492 
3819 
8885 
936 
7700 
8931 
9896 
10090 
3975 
9573 
6159 
5649 
9945 
9313 
1892 
2492 
6566 
1454 
4257 
7445 
6967 
7812 
4598 
6783 
8017 
642 
4302 
638 
3300 
7015 
9954 
2712 
9098 
2400 
10072 
3510 
5907 
8119 
434 
5657 
4397 
9816 
8663 
1668 
7879 
5593 
1676 
6891 
7803 
3754 
4385 
731 
921 
8034 
9017 
3091 
5586 
2841 
5071 
8025 
9748 
2440 
185 
6407 
3943 
8075 
5121 
7832 
3097 
9026 
4384 
783 
5786 
5546 
8059 
7042 
1364 
7007 
3624 
1547 
1626 
9112 
9674 
2082 
4724 
1207 
1265 
2411 
7763 
2940 
4356 
8175 
4819 
1755 
2707 
9544 
9146 
4300 
266 
2012 
9456 
6757 
9216 
5408 
2596 
6478 
8478 
7212 
3784 
7432 
7011 
9177 
5605 
5413 
9111 
8922 
9721 
5510 
4659 
6066 
1915 
6218 
8947 
6964 
1005 
3328 
10038 
5441 
5245 
8734 
2272 
5302 
7417 
7793 
7617 
9652 
10008 
2426 
5020 
2880 
7196 
7829 
9292 
3253 
1426 
8672 
1163 
2709 
5930 
3836 
1999 
270 
3061 
8331 
6265 
3658 
7024 
1158 
9063 
1831 
1419 
6461 
1168 
8795 
3626 
5726 
2806 
6659 
8567 
8137 
4856 
3738 
5531 
3525 
4131 
9624 
4569 
1140 
5460 
1617 
5218 
5056 
8613 
9687 
141 
9699 
3725 
6120 
7607 
6149 
8242 
7941 
152 
5241 
929 
2244 
2200 
1984 
4478 
2215 
6789 
2231 
549 
5846 
7595 
1234 
6152 
7479 
4178 
9134 
5219 
6778 
1875 
7153 
9038 
8836 
4809 
5909 
7847 
3095 
9061 
4153 
7080 
6803 
3359 
2989 
2770 
9448 
6904 
6574 
6723 
9328 
8683 
4753 
4581 
9267 
9218 
6414 
2871 
1592 
5378 
3701 
3977 
7424 
9759 
7858 
1691 
7353 
1007 
5229 
3234 
1885 
3248 
8391 
5849 
5560 
5414 
523 
5360 
1580 
1771 
1310 
4910 
1825 
8213 
3481 
4108 
985 
6404 
6963 
9741 
6128 
6917 
5700 
2315 
8905 
1935 
6587 
2665 
6842 
9794 
7882 
486 
5967 
4531 
2521 
3569 
4676 
7578 
9206 
9973 
8772 
2001 
930 
3827 
9128 
7132 
168 
7762 
5309 
2681 
9510 
4362 
3833 
5760 
374 
7586 
5529 
1558 
6311 
8982 
9361 
5404 
6751 
2344 
361 
7491 
8761 
4150 
1221 
1059 
1312 
4158 
7173 
5950 
241 
4439 
1302 
1000 
5333 
8237 
9560 
7623 
5794 
4781 
6862 
4785 
7796 
3641 
4513 
6838 
5625 
4599 
666 
6028 
6257 
5803 
7065 
4894 
3210 
2277 
4398 
8574 
5917 
757 
2851 
8682 
3925 
5311 
2655 
9561 
1586 
2941 
9498 
2500 
8052 
1652 
4917 
8582 
9513 
2066 
8829 
4180 
8206 
5061 
4923 
8403 
8910 
4962 
7050 
1061 
5701 
555 
2615 
5834 
7714 
8161 
4266 
6676 
3307 
3343 
5856 
3320 
6713 
2050 
5511 
9543 
1442 
7433 
9341 
8820 
2936 
9318 
7084 
407 
6452 
7223 
6337 
10078 
7466 
9118 
6981 
5891 
3759 
5291 
2620 
1816 
4093 
2137 
5914 
2298 
5095 
3130 
3498 
5319 
3634 
1073 
633 
9591 
4980 
1589 
4847 
3911 
2733 
8343 
8289 
6349 
8099 
591 
6889 
3741 
1844 
1056 
6790 
3639 
5299 
3842 
1662 
2420 
4041 
9589 
3993 
6014 
9667 
7256 
1859 
7091 
2881 
1790 
740 
3035 
4002 
4494 
8414 
893 
822 
7154 
4007 
8519 
2694 
3897 
5694 
2557 
3058 
3237 
7061 
5545 
6079 
1514 
4550 
3867 
2135 
8484 
6428 
9962 
1819 
9658 
9673 
7473 
2356 
6195 
9188 
9946 
6760 
1637 
7232 
858 
5244 
9672 
3484 
5005 
1066 
1337 
7054 
9167 
7020 
6990 
5537 
503 
4224 
7940 
9213 
1543 
2285 
6000 
3050 
7689 
6163 
2691 
6172 
315 
2690 
5226 
9795 
2219 
1318 
1084 
8028 
7101 
9711 
9555 
9232 
5366 
8380 
9484 
8578 
5132 
1147 
9053 
6788 
4020 
7873 
4971 
940 
4579 
5984 
2909 
635 
8224 
4451 
2325 
8653 
430 
8007 
10067 
1362 
6776 
3390 
4871 
3996 
4113 
8307 
2768 
212 
4714 
1880 
7333 
2705 
2876 
9511 
7691 
6563 
6133 
8975 
8976 
2990 
5266 
5217 
7887 
1688 
9802 
2062 
697 
1959 
9820 
3536 
9075 
1182 
3011 
4027 
6508 
4604 
1988 
2075 
2961 
5170 
8789 
6297 
352 
4188 
9855 
6442 
2096 
1683 
4762 
2660 
9654 
789 
8347 
6027 
1248 
2695 
1585 
3467 
4582 
7824 
8071 
6562 
8085 
3057 
5470 
6167 
577 
1631 
905 
1531 
6795 
528 
4662 
3216 
703 
265 
1448 
4904 
8068 
984 
1770 
7032 
9179 
1227 
4571 
9144 
8173 
6082 
1124 
302 
1281 
8002 
3616 
8030 
6784 
6709 
8856 
3539 
7386 
3913 
195 
6806 
7653 
404 
9197 
4999 
1104 
301 
9014 
293 
2628 
10035 
9831 
6207 
2147 
4547 
6275 
3581 
6052 
7991 
6104 
3004 
1151 
991 
2976 
5150 
10097 
9346 
7104 
5052 
1846 
6746 
8990 
9383 
3894 
3034 
8056 
6875 
9583 
1578 
1591 
8936 
8891 
175 
8365 
199 
8953 
9698 
7110 
9375 
4794 
5269 
7494 
1966 
3796 
6744 
2239 
2837 
677 
6470 
6354 
2513 
9830 
1735 
1211 
5884 
451 
8541 
5039 
5320 
3499 
605 
2180 
8162 
2156 
292 
593 
10001 
6553 
4344 
8459 
6737 
9976 
5321 
2591 
1904 
1476 
3685 
5608 
2998 
612 
3408 
916 
6597 
9829 
1803 
1863 
2444 
9189 
10092 
1238 
6767 
690 
2505 
877 
3731 
9022 
9582 
8925 
9720 
9078 
9054 
4562 
8435 
8100 
4327 
5230 
6334 
5934 
2481 
9030 
8946 
7945 
3908 
2141 
5603 
8543 
1160 
8981 
4506 
3667 
5114 
8700 
4684 
7133 
1525 
2501 
5892 
4199 
1865 
945 
6216 
8524 
7649 
3763 
1973 
8401 
4965 
1868 
9558 
8319 
9465 
4867 
2351 
10020 
5410 
5664 
1247 
10021 
194 
2234 
6361 
5081 
7448 
8649 
1698 
9436 
2055 
7422 
5775 
1616 
2680 
7594 
5206 
9854 
3332 
6126 
9159 
8762 
2573 
2233 
906 
728 
2764 
9395 
797 
1428 
4852 
2821 
6191 
5824 
6321 
1917 
3505 
7340 
8383 
4909 
5666 
4790 
3773 
5845 
2274 
3178 
7776 
9203 
6830 
5624 
10029 
10068 
7076 
210 
7474 
2629 
1435 
5076 
2924 
1397 
3968 
4167 
4668 
772 
2289 
6360 
1074 
1180 
5550 
1193 
2019 
3766 
7630 
9337 
4797 
9072 
4488 
5796 
7088 
5968 
9660 
1950 
1709 
8303 
3164 
6314 
3464 
3681 
396 
3694 
3974 
3938 
4906 
4191 
8436 
9079 
125 
7404 
2674 
3361 
4318 
8475 
4245 
3422 
8360 
6305 
4591 
8344 
2257 
6295 
7125 
7593 
2736 
998 
4752 
4159 
9142 
6936 
8266 
7120 
8425 
1393 
1262 
6750 
3249 
8880 
6664 
1975 
4950 
8326 
2346 
7277 
7255 
1357 
4511 
4289 
9788 
2498 
9253 
8877 
7626 
2809 
806 
1902 
2370 
5074 
4807 
1468 
8558 
1522 
9790 
1653 
5092 
8842 
5491 
9909 
4612 
7092 
3262 
9925 
3313 
6315 
7568 
8725 
5455 
2106 
6717 
3060 
1939 
5181 
3822 
3070 
2601 
5437 
4490 
1294 
7111 
4271 
2775 
9080 
2014 
526 
8600 
153 
9472 
2519 
5403 
3829 
281 
579 
3591 
7599 
2647 
5484 
8846 
5178 
4976 
1379 
5740 
283 
8413 
1650 
1882 
8043 
8746 
3861 
7575 
5168 
8277 
8817 
2673 
3086 
3341 
2114 
1757 
602 
3537 
7862 
7834 
9497 
3884 
5825 
412 
917 
5301 
1460 
4665 
7411 
2241 
307 
375 
6608 
9662 
2454 
10051 
9836 
9825 
5557 
3005 
9178 
5870 
7408 
6692 
1190 
4603 
4365 
6065 
6116 
7276 
6885 
6797 
8385 
2169 
2240 
6231 
6596 
3154 
6991 
2280 
9527 
3857 
8916 
5025 
8624 
5201 
5173 
9401 
3799 
759 
6268 
2129 
5425 
9234 
6805 
565 
1997 
3805 
6857 
10082 
5314 
8217 
669 
2537 
2113 
7337 
7351 
247 
3722 
6821 
3500 
3742 
2326 
676 
3671 
7245 
3172 
7535 
897 
3229 
558 
5690 
5594 
5761 
7227 
2108 
4286 
5620 
4848 
5976 
2791 
5535 
8881 
6290 
2184 
8952 
7561 
6632 
7527 
9444 
9878 
5122 
6106 
8304 
2726 
6897 
1154 
1759 
7960 
7117 
3631 
1150 
9779 
7610 
9095 
6883 
9723 
5532 
2220 
4154 
9409 
6179 
8070 
2534 
5196 
4693 
8442 
5262 
2155 
4688 
641 
3200 
8138 
1506 
4552 
5072 
3272 
5872 
9877 
6782 
5623 
1420 
9418 
9833 
5673 
6092 
159 
9357 
6846 
1013 
1969 
8888 
1829 
6595 
9416 
9286 
7234 
2558 
5561 
2546 
2269 
1587 
2870 
674 
2952 
4719 
6154 
8900 
3293 
2301 
5628 
3637 
4700 
3790 
7961 
1105 
837 
1843 
425 
8190 
1051 
1609 
2812 
9879 
3166 
5047 
4253 
5156 
4914 
5602 
1450 
8252 
6826 
7401 
9844 
7841 
699 
996 
2988 
107 
8225 
2995 
4882 
1739 
6895 
1907 
7394 
2229 
8201 
6884 
1541 
6873 
623 
2271 
9404 
758 
4884 
1696 
9860 
3933 
2969 
5584 
2237 
8838 
7053 
2094 
7999 
5223 
7676 
667 
9131 
5014 
800 
5449 
4927 
244 
4995 
8396 
1575 
9256 
530 
6113 
8926 
6186 
2619 
10079 
8593 
4981 
9181 
5841 
8890 
8978 
7046 
2366 
8528 
3268 
9264 
9204 
9501 
2133 
1308 
3079 
5215 
7452 
9823 
5559 
4209 
2463 
1675 
5147 
3443 
2112 
9451 
9647 
7513 
1063 
863 
4395 
9575 
505 
9376 
3214 
743 
8321 
9323 
9384 
7240 
8989 
8854 
3140 
7444 
3691 
6913 
10086 
3000 
8073 
953 
4082 
8571 
7557 
2852 
6914 
7002 
2833 
8909 
9618 
3482 
1654 
3224 
1942 
9043 
2022 
2930 
2202 
1601 
8823 
5840 
8616 
3807 
5205 
2638 
3710 
4141 
6380 
4541 
3316 
6487 
7421 
1563 
3163 
6708 
4984 
4372 
6077 
5143 
4919 
2678 
4208 
8065 
2933 
8204 
10077 
5481 
2430 
8654 
3574 
3849 
5011 
2658 
4432 
8045 
3207 
3136 
5131 
7536 
5547 
9461 
9625 
3885 
196 
8781 
1539 
9175 
10056 
9619 
9422 
6222 
9260 
9772 
2160 
603 
534 
4368 
6272 
9434 
1869 
8915 
4467 
5946 
9930 
1487 
3231 
6254 
4735 
4913 
4502 
2581 
5599 
7867 
8646 
4280 
1659 
8164 
4663 
2789 
8448 
7664 
8666 
8744 
3125 
6787 
7914 
6211 
6594 
7662 
5316 
2692 
8054 
597 
966 
2060 
6427 
6030 
7881 
878 
9894 
3524 
1583 
163 
2077 
3823 
3808 
6134 
9656 
9767 
4505 
5958 
7136 
9771 
6102 
1032 
9423 
920 
6173 
4379 
3543 
1804 
4920 
8531 
9929 
8651 
961 
2955 
3889 
3503 
6370 
269 
9917 
1992 
5265 
1742 
7450 
7152 
6557 
8793 
3774 
1036 
9015 
5037 
817 
7688 
3903 
3288 
5180 
9269 
1340 
7496 
5492 
7905 
7570 
8779 
4263 
6948 
5421 
6363 
6792 
398 
3561 
4250 
6160 
1672 
3576 
4939 
8148 
8310 
8751 
5523 
5764 
7799 
5298 
4519 
651 
8264 
1503 
5592 
9886 
9956 
9603 
6588 
9717 
856 
2265 
8329 
4677 
4189 
323 
2875 
9616 
9149 
7099 
4565 
9122 
8598 
8314 
8346 
8369 
7645 
6170 
10053 
6774 
6579 
1091 
2123 
990 
2417 
9392 
4585 
8724 
3219 
7308 
2848 
8645 
1920 
6712 
1480 
7546 
8454 
6950 
7965 
3746 
1899 
8127 
5887 
2819 
2211 
10016 
2956 
8246 
2286 
8688 
3959 
3511 
8157 
7767 
1186 
4660 
1938 
546 
689 
1849 
866 
3521 
7451 
1441 
4105 
2721 
8322 
9690 
3798 
8831 
7174 
3382 
9766 
7515 
448 
2621 
1162 
2710 
5581 
5712 
8736 
7682 
353 
5857 
8705 
2527 
1769 
9335 
2642 
9872 
6371 
3734 
7764 
9012 
1120 
9818 
927 
3223 
2395 
7493 
6634 
8232 
7668 
5569 
121 
7997 
6300 
9413 
7962 
586 
3839 
3376 
5691 
171 
5260 
6823 
721 
2071 
6570 
6351 
4092 
3285 
3351 
2932 
4946 
4768 
5774 
1261 
6611 
7719 
1916 
2383 
5696 
959 
1795 
219 
2324 
115 
4900 
8005 
8634 
8967 
971 
3957 
8352 
6138 
3059 
5772 
7909 
9039 
5505 
8111 
608 
9380 
5064 
3855 
2742 
2034 
7352 
208 
7069 
9538 
6827 
3082 
8171 
939 
4407 
4902 
2762 
7621 
1823 
6880 
6959 
9664 
9276 
7843 
5873 
1704 
390 
6937 
5016 
128 
4737 
741 
9166 
2965 
4388 
3040 
4681 
7188 
539 
2449 
3391 
2877 
4294 
8611 
3700 
1029 
5689 
8177 
9981 
8697 
3243 
7519 
1612 
9327 
2242 
4727 
5737 
6534 
459 
5813 
7933 
7949 
6464 
1729 
947 
551 
5540 
7378 
6539 
9391 
4195 
6568 
2996 
166 
5312 
7544 
3661 
4563 
7584 
8824 
3853 
2078 
4874 
354 
5300 
9463 
517 
3776 
3337 
9657 
3347 
9985 
2929 
4955 
6840 
4124 
5294 
3985 
864 
2319 
3278 
4683 
7335 
8628 
4771 
5848 
8850 
5486 
8439 
7022 
2818 
6623 
5842 
8140 
6494 
5106 
6303 
7402 
6405 
6705 
2091 
8852 
6340 
8539 
7215 
9594 
1320 
8977 
9405 
4099 
5471 
1024 
8313 
5419 
1113 
105 
1607 
6229 
7272 
5587 
2713 
9865 
519 
2446 
1596 
2472 
601 
460 
284 
6645 
6957 
5862 
9651 
3914 
1159 
8228 
4355 
1971 
7064 
7014 
1135 
9874 
3705 
5407 
6930 
1955 
9304 
5721 
111 
8805 
5183 
4805 
8426 
4239 
9211 
3049 
3735 
9611 
2959 
4773 
1550 
5615 
4967 
8748 
3557 
4053 
695 
8602 
8020 
6906 
7427 
7686 
9969 
8145 
2070 
4133 
3324 
8633 
6093 
8676 
1112 
3209 
4849 
5184 
3120 
8276 
2635 
9688 
522 
5732 
5091 
9480 
9406 
9764 
926 
6141 
6878 
1518 
5552 
9058 
8699 
9271 
3413 
8740 
5763 
7741 
2963 
4477 
3980 
8857 
8659 
8451 
8780 
7469 
9506 
6985 
2086 
