8000 936 
6
7
14
1
88
31
32
2
5
6
2
5
10
22
2
7
2
44
3
25
88
4
2
39
88
4
4
8
1
1
19
3
11
3
3
96
12
20
14
2
73
5
2
20
25
4
5
13
6
4
96
11
4
64
1
2
3
37
1
22
9
4
2
4
32
49
44
3
7
2
56
10
3
2
34
16
2
10
2
22
73
28
1
25
1
2
96
16
2
2
28
32
15
61
20
17
3
64
61
49
9
2
2
3
8
10
3
2
2
8
84
34
22
7
29
29
3
7
3
20
51
3
1
3
7
2
67
5
11
2
5
3
16
3
3
42
15
42
3
13
47
56
9
29
3
84
1
2
2
64
5
42
23
3
96
3
1
58
49
5
15
61
16
96
2
32
2
7
3
67
2
8
2
22
42
88
32
4
1
8
1
29
3
16
37
12
12
6
3
73
31
26
88
73
84
73
4
9
19
8
42
20
88
3
32
70
20
1
7
1
10
32
44
6
4
51
23
92
3
13
3
37
2
4
2
8
9
3
26
58
23
4
23
17
18
6
32
88
51
51
64
11
80
3
7
92
58
14
20
2
3
4
3
2
3
1
10
26
1
4
9
7
4
12
5
3
1
3
34
61
2
27
2
5
20
23
47
67
49
3
14
58
15
16
19
6
1
16
6
16
56
1
67
12
6
10
3
7
64
3
67
21
41
34
1
12
2
61
8
12
3
16
51
53
31
14
44
26
61
73
3
9
47
2
1
1
41
15
84
2
9
7
1
20
4
61
2
42
15
2
3
2
2
49
7
4
3
1
39
42
22
11
11
84
88
8
47
19
31
84
29
14
73
4
1
35
16
3
16
51
9
1
2
39
26
2
4
92
32
28
51
32
39
2
9
73
61
1
22
44
1
8
1
17
6
20
2
61
34
19
25
92
8
77
5
22
7
28
3
58
2
49
58
1
2
88
37
37
41
2
58
13
11
35
41
1
73
11
7
1
64
6
3
2
1
53
4
51
42
39
12
2
35
37
20
3
14
1
10
6
56
7
2
18
31
2
9
23
2
4
31
61
4
3
92
34
18
32
92
3
22
73
84
1
16
27
37
31
2
16
9
58
1
1
2
10
4
16
6
61
7
17
27
11
1
20
53
14
41
58
15
42
1
3
27
73
8
1
1
1
5
27
14
12
42
53
56
4
1
9
8
1
6
2
51
1
3
8
84
84
51
3
73
3
1
21
42
35
4
3
1
3
16
5
12
23
1
2
26
3
34
15
13
5
7
14
8
88
6
21
27
92
2
1
2
2
37
5
11
2
1
2
84
35
7
3
7
1
12
2
1
1
29
35
3
3
21
16
41
8
3
49
6
20
12
1
2
12
2
6
61
27
19
13
2
20
18
35
67
3
2
6
8
3
20
20
3
5
47
67
9
2
12
1
67
3
27
4
3
5
2
56
56
2
4
4
7
2
18
12
19
58
23
16
4
49
7
2
96
56
44
35
26
3
67
27
2
14
19
80
73
4
12
15
2
3
11
4
77
5
3
1
28
4
4
16
10
77
34
1
39
13
4
5
10
5
2
19
3
14
2
51
12
22
16
5
5
2
10
1
5
2
3
18
19
32
1
7
80
4
3
3
39
13
2
6
96
2
1
34
2
56
1
6
3
6
11
1
23
80
3
7
8
26
31
22
5
25
29
31
4
32
22
67
5
58
1
96
11
3
5
2
1
31
84
8
1
47
6
3
3
1
29
1
1
41
39
2
42
9
1
4
8
5
9
5
3
2
1
5
5
11
12
9
19
1
6
25
31
4
16
10
4
9
11
4
1
22
51
12
2
88
2
1
2
1
31
23
3
18
3
70
41
1
70
26
9
4
5
96
7
2
5
11
58
13
92
77
42
3
5
11
4
9
4
5
5
11
4
17
5
25
8
2
1
23
25
4
13
41
41
31
4
53
2
92
18
20
2
17
1
39
53
1
4
31
20
5
27
14
5
77
88
32
21
28
20
3
10
3
53
21
6
1
7
14
3
7
5
4
28
25
6
22
14
12
44
7
42
4
1
5
16
92
8
51
35
13
3
7
5
6
2
77
32
6
7
51
18
29
12
3
88
7
49
21
14
4
2
2
61
3
7
3
2
10
